195
181
137
132
194
0
150
195
165
45
9
194
143
101
154
189
161
101
151
121
42
194
180
135
195
194
195
194
194
195
194
165
155
194
195
195
195
104
195
83
56
194
195
148
195
169
194
194
194
100
72
112
1
101
56
13
189
190
181
24
195
150
132
175
195
194
13
13
194
180
195
184
195
130
194
183
166
0
194
194
137
69
163
92
117
138
195
195
177
56
128
195
141
190
82
152
195
141
148
195
25
190
195
156
58
195
182
194
61
195
194
179
50
156
194
160
171
89
171
159
195
63
194
173
190
0
61
160
188
169
194
172
163
101
186
116
137
38
143
195
162
190
136
155
160
194
194
194
83
129
173
194
156
23
194
163
50
195
167
164
167
56
194
143
194
194
195
61
41
56
187
195
131
195
100
155
74
195
195
194
171
184
154
163
194
58
195
128
111
156
194
50
195
194
195
116
116
195
129
195
195
194
117
84
133
151
194
194
194
194
60
92
188
195
195
131
102
165
194
170
16
28
173
194
83
41
190
101
62
195
71
179
38
138
195
71
117
131
2
127
194
168
146
195
177
89
154
151
161
195
195
194
195
194
181
195
60
194
170
136
42
116
194
68
111
195
123
194
137
194
182
162
78
154
58
185
56
51
195
195
167
46
194
195
151
136
167
58
56
45
195
194
78
146
194
163
41
194
183
195
112
195
179
194
156
88
167
155
195
127
127
116
131
175
131
188
131
194
195
194
123
195
71
181
183
195
190
173
194
84
195
166
179
33
61
186
182
186
125
190
175
194
92
174
163
181
174
71
89
42
195
190
116
188
170
174
148
195
195
166
195
194
195
195
190
195
20
3
195
184
28
154
187
151
194
154
194
194
148
184
194
3
189
164
159
115
68
0
195
112
144
182
16
117
154
135
194
128
165
20
195
195
195
195
19
98
194
83
189
194
98
181
195
125
62
173
20
132
80
131
194
77
195
175
165
148
130
165
33
170
194
195
194
3
92
107
194
69
154
195
194
194
195
171
1
194
194
164
132
189
145
175
195
194
46
151
42
195
42
0
194
195
194
112
80
163
195
185
84
35
141
152
146
138
104
182
177
159
174
195
80
190
141
194
195
182
191
160
151
83
138
194
154
164
137
112
195
11
163
42
100
174
194
194
194
187
128
63
194
194
116
174
138
194
195
133
33
195
195
165
148
195
194
194
195
151
194
164
194
186
195
73
72
163
0
194
86
19
145
195
132
74
186
195
154
194
188
195
194
42
100
195
194
194
194
6
191
82
194
194
170
139
169
195
42
195
195
123
195
194
133
152
179
148
42
140
152
194
194
194
6
1
83
143
154
151
171
88
6
185
131
191
194
151
45
123
195
141
108
117
169
112
195
187
22
139
177
100
195
175
190
78
3
194
183
164
50
195
117
0
179
100
195
152
190
144
28
173
195
194
194
160
131
194
194
125
13
48
171
144
144
195
63
132
179
65
194
194
60
194
170
88
160
194
154
72
194
65
128
128
148
42
194
195
0
172
195
141
155
179
11
80
141
111
195
184
42
125
141
195
154
195
195
20
143
194
83
6
92
129
194
155
194
137
194
190
108
195
117
194
123
101
194
78
194
194
125
59
195
1
167
194
83
179
41
150
6
101
166
141
156
194
125
183
194
195
104
125
190
49
187
194
38
28
194
125
195
195
62
148
195
171
154
195
186
29
195
34
49
195
112
164
151
195
74
195
74
159
195
125
154
170
29
69
0
195
56
95
83
108
41
13
195
98
143
127
68
156
194
195
175
186
184
195
173
189
194
141
143
189
194
58
137
69
181
179
194
156
171
30
171
154
182
194
166
194
0
78
83
175
151
195
181
175
109
195
195
50
194
194
123
195
49
194
111
60
195
123
49
138
1
174
56
71
194
177
194
47
171
20
194
69
194
112
83
194
194
195
140
195
195
48
194
83
194
65
137
104
194
41
195
174
45
195
194
153
191
83
194
195
195
83
128
183
69
187
92
45
165
179
144
194
104
61
194
177
195
130
137
154
23
59
181
195
195
188
194
194
194
112
61
117
50
187
125
131
195
194
78
195
28
80
194
195
42
80
131
191
119
194
190
131
144
154
195
169
194
74
195
73
45
111
73
181
104
170
194
112
123
127
194
194
22
151
195
41
194
194
194
194
177
33
180
50
167
42
139
194
194
195
125
190
139
194
123
195
41
116
111
141
177
194
83
194
153
181
194
132
195
135
195
1
174
82
169
45
194
132
117
195
22
194
79
173
159
195
195
138
194
151
138
195
179
155
138
170
194
86
84
165
173
195
194
185
173
58
63
195
181
195
60
194
195
195
135
84
167
184
164
67
42
182
51
16
44
180
81
123
4
42
169
195
195
116
45
84
132
195
162
195
194
187
194
195
142
155
195
194
194
154
174
67
194
45
1
120
195
155
16
195
163
72
80
195
194
91
29
170
127
166
112
195
194
143
47
195
130
164
194
108
78
185
155
155
194
195
171
195
195
195
152
194
112
164
194
195
92
151
177
72
188
194
181
22
71
195
194
179
151
143
123
194
194
194
163
42
161
182
194
194
194
95
194
101
71
194
33
92
195
194
143
123
116
28
33
194
116
67
3
195
6
195
117
154
62
195
195
148
112
127
129
144
133
84
74
42
155
81
195
33
194
195
51
194
125
190
72
174
169
144
181
101
194
194
195
171
194
194
72
29
139
182
16
89
127
0
195
195
195
123
163
194
194
148
45
22
195
195
45
195
159
190
195
195
135
195
29
194
19
177
112
194
125
175
195
194
87
111
93
170
170
180
195
183
170
195
195
194
62
194
69
154
194
188
42
195
194
84
116
145
141
154
191
194
98
20
63
163
195
100
92
194
195
194
194
144
151
13
154
195
165
194
78
148
83
128
151
195
1
194
23
22
194
180
188
195
195
42
83
144
164
171
194
194
194
194
195
171
123
165
194
187
92
195
50
83
19
194
8
170
159
195
49
173
195
182
81
173
194
189
63
1
80
50
194
80
195
163
182
195
194
195
195
133
108
163
137
195
175
195
194
190
195
182
194
29
188
80
195
194
151
190
141
195
194
51
181
81
186
195
195
194
195
138
195
195
156
150
194
195
194
125
195
167
194
195
166
194
194
169
125
104
74
1
78
120
187
141
45
195
194
45
194
195
187
130
195
68
195
84
195
194
123
1
35
150
194
83
194
69
151
49
170
195
194
159
6
132
173
88
195
131
143
194
152
63
190
171
137
183
109
74
195
84
33
137
123
132
0
195
135
127
194
41
80
92
116
180
63
56
195
190
153
195
84
195
6
151
165
129
195
181
29
194
195
152
175
194
148
165
50
194
69
187
194
69
69
195
171
154
194
120
58
9
173
188
195
135
148
194
195
188
170
159
151
61
50
194
195
164
188
194
84
20
194
194
195
194
130
194
180
100
194
179
195
109
195
195
80
190
16
194
104
48
128
194
136
195
177
42
56
2
194
175
195
195
194
16
186
194
83
41
194
194
139
195
100
194
8
181
177
194
190
154
23
194
194
195
175
180
68
194
2
194
151
195
72
195
125
195
101
170
165
155
0
195
186
104
194
104
20
194
1
133
45
195
195
1
6
112
160
185
143
194
112
195
154
195
187
194
194
195
33
1
194
194
190
154
154
195
101
137
162
35
194
151
187
108
22
50
195
132
195
156
181
195
165
195
195
151
58
12
165
190
80
45
84
65
194
167
62
108
151
195
195
107
188
42
33
195
6
169
141
195
150
161
195
11
181
49
194
195
195
151
181
58
190
136
194
195
151
174
83
194
194
194
191
188
42
62
111
195
195
194
194
194
184
194
30
195
23
45
195
195
195
50
194
189
195
152
41
128
194
162
194
84
78
194
171
194
194
195
194
159
160
128
195
195
184
194
116
195
2
181
132
79
195
6
166
152
195
128
74
160
184
167
4
146
195
167
154
13
181
33
29
195
138
16
194
45
1
165
195
80
73
35
61
132
184
20
13
111
125
151
1
195
190
172
186
194
194
194
194
194
194
194
194
151
194
80
194
62
195
167
175
195
195
194
194
9
30
195
128
194
195
12
194
177
194
137
177
23
194
45
194
194
108
47
123
194
187
61
195
194
91
189
137
25
83
195
195
125
194
190
195
195
150
195
195
67
194
38
123
189
194
181
104
194
24
194
13
194
194
20
91
108
195
159
195
194
116
145
195
194
195
123
130
141
174
189
194
195
166
91
159
194
112
195
20
173
19
195
195
194
109
24
195
195
83
35
195
195
195
139
151
62
93
184
49
194
22
175
131
166
195
164
179
195
194
194
184
195
195
148
195
195
73
194
72
194
116
194
194
194
71
29
88
116
139
195
29
194
194
78
194
125
83
185
195
195
194
194
194
138
116
112
191
194
150
187
50
190
0
194
194
194
123
35
195
111
195
89
195
187
195
166
194
1
194
79
194
111
164
69
9
195
181
148
129
154
141
191
194
194
194
194
182
194
143
194
195
194
194
194
194
183
177
116
166
195
194
195
132
112
143
195
1
20
195
195
159
19
188
194
195
194
87
63
62
125
56
6
107
194
160
194
133
194
173
195
195
194
195
195
130
0
111
69
60
72
1
136
194
195
182
195
156
195
125
144
194
117
170
22
130
98
98
139
108
194
169
165
174
127
195
171
175
194
167
195
194
194
45
32
195
159
153
194
74
152
137
141
182
29
194
133
164
117
19
156
195
195
171
143
6
123
58
50
45
195
195
194
194
189
195
185
62
69
194
194
108
194
194
69
20
0
195
195
194
194
162
179
190
194
74
194
155
1
195
194
183
195
171
143
194
84
195
86
92
189
81
129
123
0
104
195
195
195
195
195
150
108
137
195
195
131
6
63
88
170
162
194
123
49
194
170
195
69
160
130
194
194
129
72
165
194
195
156
195
191
137
179
144
184
195
194
194
137
95
194
127
112
24
50
194
151
144
165
181
137
195
151
164
78
165
167
189
154
183
132
143
45
143
182
116
195
58
153
194
188
151
137
132
194
179
187
175
4
1
151
162
194
195
195
32
29
141
163
194
143
154
34
89
194
162
101
164
195
195
121
194
182
1
195
194
154
194
112
75
194
143
195
84
185
195
181
132
195
111
182
194
0
194
195
195
184
194
195
6
33
195
194
194
143
136
17
172
80
150
116
195
120
123
194
58
0
137
19
179
194
188
195
63
195
89
195
125
151
195
195
195
29
112
195
20
41
189
16
155
195
179
132
116
135
190
173
68
123
191
24
151
194
42
3
194
175
194
45
116
145
194
59
24
194
185
194
109
170
49
130
195
177
154
123
81
125
190
182
195
51
194
72
65
11
186
186
177
195
195
128
195
123
16
190
189
62
137
45
194
195
163
20
138
195
155
16
100
161
32
20
165
186
0
0
195
160
19
128
194
92
167
195
83
194
194
1
187
194
137
194
84
195
44
181
141
194
173
45
195
195
194
141
183
195
62
154
69
195
182
125
42
194
51
195
165
195
194
195
194
95
194
195
195
63
72
195
84
194
45
195
195
68
194
194
60
194
117
150
189
127
175
177
186
194
48
195
195
194
195
194
33
170
195
194
88
194
143
92
195
74
195
194
151
177
182
132
195
58
186
127
195
186
195
174
182
195
194
195
20
131
195
20
195
125
194
135
194
195
130
174
166
194
68
195
171
78
1
194
195
92
184
195
195
123
150
84
160
154
194
165
186
181
4
166
194
129
185
139
194
45
194
89
195
35
101
71
194
183
28
152
41
41
151
33
190
20
160
148
174
33
135
12
60
194
195
1
194
63
44
29
25
160
171
194
195
195
82
42
42
24
194
125
194
194
89
189
194
194
190
125
195
194
188
2
28
195
23
116
123
194
195
13
194
45
148
194
16
195
183
92
195
177
186
195
175
89
195
141
195
84
45
128
111
116
174
148
195
130
19
132
194
194
167
167
50
195
69
143
194
58
194
107
121
100
195
166
88
141
139
109
72
195
42
20
188
78
125
194
189
80
151
23
194
179
195
194
195
194
167
190
148
194
125
195
4
195
195
78
127
194
195
195
195
194
109
195
42
104
194
195
16
194
42
154
177
195
194
102
195
195
194
84
104
195
174
194
78
62
171
194
182
172
56
86
195
18
68
20
187
194
130
194
116
194
191
167
190
2
138
165
63
150
165
194
152
25
188
151
179
195
190
160
194
194
180
194
83
167
83
195
195
160
58
83
194
23
167
135
195
56
190
188
195
101
195
195
169
154
56
194
194
194
194
58
194
69
30
186
164
3
195
74
110
151
195
195
33
107
194
188
195
165
195
141
194
195
195
144
175
117
49
29
171
123
73
166
194
152
195
6
163
194
194
148
62
190
151
112
12
138
194
121
195
194
194
127
92
100
25
42
156
171
195
194
30
38
69
195
195
38
194
194
162
195
174
6
128
194
63
195
165
194
195
73
125
195
167
19
195
195
152
137
159
130
194
194
190
131
137
194
4
29
133
111
194
194
195
33
143
194
195
44
195
195
173
30
73
195
182
146
129
195
194
174
163
167
137
41
194
104
194
78
195
195
69
51
125
41
194
175
163
188
191
127
167
195
174
174
56
44
139
194
194
195
41
194
167
45
194
160
140
195
111
104
195
195
189
62
182
174
195
195
177
173
91
104
138
16
189
162
137
194
80
195
84
145
194
69
189
143
123
194
195
181
166
190
89
195
47
35
83
179
195
51
153
167
181
194
195
62
144
194
194
177
131
173
195
194
50
194
6
195
195
42
20
83
177
51
195
24
174
154
187
194
49
195
65
195
69
42
182
131
194
137
163
154
127
195
184
188
174
137
195
165
180
194
6
141
138
141
151
194
50
2
194
194
194
19
195
104
131
174
151
190
140
132
194
151
195
38
154
195
195
89
163
195
183
194
194
195
25
195
91
194
195
185
163
182
194
33
25
19
195
63
109
71
194
4
194
23
177
195
171
195
175
137
41
132
185
194
194
195
194
195
69
137
194
194
190
72
195
194
175
152
194
123
194
194
194
180
128
194
163
181
115
195
19
194
22
174
195
175
195
195
194
38
69
68
83
145
194
189
141
112
171
194
195
195
187
195
170
160
194
194
187
24
194
194
195
194
184
195
188
81
194
177
194
95
187
30
194
195
50
143
11
166
92
89
131
195
195
194
56
195
194
130
78
195
163
194
116
42
132
181
35
45
164
64
74
180
131
45
182
195
194
131
45
195
173
170
50
194
141
194
92
195
128
69
148
116
195
137
69
71
75
194
160
125
116
33
195
58
19
117
181
131
33
194
195
137
175
188
195
195
25
45
194
195
112
87
177
28
162
160
33
11
183
194
194
190
190
194
123
194
104
29
35
45
195
83
160
195
195
23
129
49
195
195
107
19
123
194
194
175
195
109
195
104
136
3
42
88
111
190
161
69
194
154
115
139
195
194
102
195
194
84
194
152
194
195
80
47
194
62
194
150
186
56
130
195
194
194
19
195
170
116
137
131
50
151
194
51
190
195
152
123
194
195
195
84
195
129
184
71
175
1
132
194
195
1
183
171
17
0
143
141
194
184
156
151
78
67
195
123
187
194
194
195
194
195
194
194
194
153
44
51
194
148
195
194
154
3
148
48
169
194
182
194
116
146
56
83
71
194
194
194
6
195
153
195
62
172
195
184
190
137
194
80
143
186
195
160
194
154
92
23
175
194
6
195
69
145
0
74
194
195
41
183
151
155
194
194
195
190
195
188
143
50
184
195
91
151
171
194
154
154
173
146
195
187
2
175
144
165
195
112
60
194
95
58
25
112
171
194
194
195
58
29
56
131
6
190
41
195
163
156
194
146
152
151
130
4
92
195
73
195
195
195
83
194
181
73
60
65
42
191
100
166
194
195
190
187
181
194
195
174
179
195
195
0
174
194
95
108
195
194
187
194
195
194
180
164
16
136
171
45
195
45
167
156
19
163
75
101
0
13
1
195
194
194
195
194
194
180
194
84
194
116
151
194
45
80
132
180
194
195
194
194
169
65
195
195
194
13
123
195
63
177
175
101
83
84
195
112
109
194
187
194
95
195
195
74
60
167
175
194
30
174
148
164
163
16
195
50
92
195
194
194
184
195
131
117
184
154
166
195
84
194
51
195
144
194
194
100
195
194
69
187
194
137
195
194
194
171
194
184
72
84
98
62
143
177
170
188
69
195
180
84
194
121
123
56
194
194
131
61
184
50
194
130
58
141
23
160
194
138
50
30
111
170
61
188
159
86
133
116
195
75
195
112
12
195
195
127
195
81
194
195
174
29
69
195
50
154
143
194
194
194
186
195
127
35
194
187
195
72
194
194
195
194
130
187
8
161
77
194
153
35
185
112
152
174
195
154
187
170
190
166
151
185
0
165
20
194
116
133
194
4
195
195
194
74
194
132
195
194
2
195
84
195
190
143
161
195
195
182
151
195
112
13
163
173
195
12
165
194
195
194
194
173
22
169
23
116
74
154
72
194
194
71
156
195
184
165
194
111
194
129
29
194
194
194
194
194
143
194
116
194
177
65
104
195
42
131
194
194
191
195
123
159
100
177
195
111
194
194
167
49
71
194
159
184
195
24
194
67
195
159
74
195
194
0
194
194
13
195
194
135
80
194
171
187
194
6
195
194
72
152
173
58
72
195
181
194
171
195
146
173
190
194
183
177
179
75
112
195
172
182
123
194
171
151
194
83
182
195
169
195
190
160
139
195
42
191
194
195
2
152
195
150
194
188
177
123
195
86
33
195
173
131
188
74
88
87
194
175
194
151
141
173
194
194
51
104
23
194
181
195
132
139
163
44
63
163
195
195
17
184
56
195
91
194
67
22
13
190
95
143
89
73
50
161
154
136
129
112
194
163
195
195
125
132
148
156
160
194
86
101
127
195
171
49
141
195
179
195
111
195
195
195
75
190
195
123
154
29
50
59
125
195
181
130
155
100
56
195
194
74
51
130
152
135
194
194
194
59
185
151
30
195
156
17
175
60
195
104
92
139
181
195
131
109
187
100
194
151
195
151
161
194
116
173
11
195
58
63
84
125
22
187
104
194
194
132
63
194
16
153
4
190
91
164
195
140
194
86
10
80
132
195
148
41
169
194
69
11
194
179
135
93
160
194
127
23
177
136
72
167
194
35
41
174
100
194
195
194
174
195
191
195
195
194
181
195
194
16
194
104
116
195
171
77
69
180
195
194
188
195
19
194
127
4
112
194
190
194
84
1
132
195
194
132
195
195
19
164
195
130
78
143
194
32
194
190
0
6
32
17
165
86
194
146
62
190
195
29
56
133
194
194
189
195
179
49
195
159
0
98
78
174
195
67
195
188
20
68
131
165
170
173
63
174
171
159
195
151
30
130
190
164
129
194
195
148
163
125
86
29
98
104
155
194
195
195
188
194
182
195
11
132
1
188
194
13
194
194
194
28
195
194
148
22
83
164
74
194
155
0
194
60
195
72
186
135
177
167
195
84
84
156
132
194
194
195
143
181
137
42
195
48
112
42
42
35
195
108
194
37
170
195
165
171
185
195
131
130
1
78
2
104
129
194
41
28
194
2
182
194
100
59
88
169
127
159
51
120
12
194
132
194
163
67
170
129
195
182
190
194
194
174
195
194
165
12
155
78
194
195
164
194
194
159
22
30
72
194
139
195
194
179
195
148
83
195
60
195
194
189
29
154
194
195
42
173
183
195
186
169
195
195
171
155
164
19
175
194
194
125
1
0
133
154
137
78
173
56
1
84
195
195
48
195
194
28
116
162
194
22
165
78
163
177
138
58
195
83
177
195
151
195
195
194
92
116
194
194
123
22
194
125
194
120
179
92
188
108
175
154
195
186
189
194
194
133
143
165
1
139
84
145
194
180
128
151
144
101
195
194
51
45
194
50
195
194
194
183
195
107
195
195
171
131
6
195
194
194
181
194
174
175
153
194
195
195
72
33
195
72
72
195
107
194
190
58
104
194
195
194
194
195
41
91
84
195
45
0
195
166
195
35
12
175
195
69
195
195
101
24
116
194
135
195
194
128
187
92
184
195
77
195
195
111
92
165
195
195
127
188
130
165
194
194
185
33
160
194
177
148
137
2
141
100
131
164
132
139
143
35
72
12
4
69
50
191
102
49
137
112
184
173
150
84
195
195
165
195
151
72
181
58
45
130
195
194
10
156
195
84
194
165
195
194
184
131
154
195
163
194
58
164
98
190
0
130
164
187
194
95
6
194
89
84
195
194
189
187
161
182
120
195
195
51
194
20
195
195
65
195
195
129
194
194
195
73
78
125
109
195
167
92
83
104
136
194
128
195
141
42
182
166
195
89
179
100
98
139
195
141
42
150
62
116
195
195
165
56
194
195
194
194
107
194
164
179
116
152
1
120
195
195
194
33
175
144
194
175
29
190
163
74
195
194
182
195
45
166
102
33
164
137
112
195
195
194
159
42
115
194
194
190
120
194
100
165
195
45
72
177
42
152
195
0
195
154
3
194
194
131
116
123
61
195
194
177
163
111
194
49
195
56
125
58
195
6
51
194
195
143
154
22
194
194
92
195
194
183
2
195
195
195
157
143
194
177
164
28
195
41
0
156
12
195
164
195
137
195
195
183
194
111
104
80
195
123
98
194
28
195
184
35
164
38
156
154
63
188
160
132
49
195
174
195
89
100
194
175
152
80
195
195
194
194
188
137
154
195
195
195
194
141
194
194
28
177
80
154
140
194
112
132
181
188
195
194
89
30
42
165
166
83
194
42
169
74
132
35
194
41
69
194
194
102
194
23
195
195
58
194
80
174
171
162
104
194
83
88
146
151
42
92
151
151
189
28
194
195
130
116
194
137
195
29
165
51
139
117
86
195
42
194
173
189
58
33
195
173
195
127
171
63
183
141
100
25
194
194
45
175
83
84
138
4
41
81
194
135
194
169
163
69
144
50
164
195
44
75
195
131
180
35
109
194
194
195
194
6
191
180
138
12
194
131
145
42
188
155
164
129
195
194
194
195
59
116
29
195
194
194
190
22
175
151
92
128
191
195
84
194
195
137
6
182
86
194
195
194
194
50
47
195
194
151
190
195
59
183
181
188
194
195
165
195
175
167
137
165
177
72
194
83
156
23
194
22
195
33
170
194
84
92
129
4
171
175
86
195
83
48
117
195
195
93
194
181
195
194
73
195
165
154
195
194
8
0
194
112
51
195
152
175
195
167
195
92
194
194
143
194
160
194
74
195
190
60
160
194
195
166
194
195
194
169
120
163
194
195
191
35
0
133
167
171
91
194
195
195
188
194
131
164
154
194
160
171
187
190
82
185
195
194
